4 0.51328125 0.60390625 0.228125 0.1078125
4 0.46796875 0.7546875 0.13125 0.084375
0 0.5640625 0.38203125 0.09921875 0.1078125
0 0.4296875 0.378125 0.1359375 0.1453125
0 0.6609375 0.3390625 0.09296875 0.10703125
0 0.75078125 0.30859375 0.10703125 0.10390625
0 0.82421875 0.2359375 0.06796875 0.07734375
0 0.68984375 0.20546875 0.06015625 0.0625
0 0.63671875 0.215625 0.05 0.0578125
0 0.54140625 0.24453125 0.05390625 0.0515625
0 0.590625 0.2265625 0.0515625 0.053125
0 0.446875 0.24609375 0.11015625 0.14765625
0 0.43828125 0.11640625 0.09921875 0.13203125