4 0.4671875 0.4453125 0.09453125 0.053125
4 0.86015625 0.63125 0.05234375 0.03828125
4 0.44453125 0.53125 0.03828125 0.025
4 0.84140625 0.39765625 0.09375 0.05234375
4 0.19765625 0.39375 0.06015625 0.03671875
4 0.203125 0.52734375 0.03515625 0.02265625
4 0.31640625 0.41015625 0.028125 0.02578125
4 0.38984375 0.34921875 0.04921875 0.04296875
4 0.28984375 0.44921875 0.040625 0.03359375
4 0.25078125 0.31484375 0.06796875 0.07109375
4 0.2046875 0.4984375 0.04453125 0.02734375
4 0.2015625 0.4703125 0.04609375 0.02421875
4 0.29609375 0.5 0.0359375 0.0359375
4 0.259375 0.48359375 0.034375 0.02265625
4 0.328125 0.509375 0.03671875 0.0296875
4 0.359375 0.51953125 0.0328125 0.02734375
4 0.3859375 0.43046875 0.03203125 0.02109375
4 0.44765625 0.490625 0.05 0.02734375
4 0.46171875 0.5671875 0.06484375 0.02734375
4 0.7671875 0.3984375 0.05078125 0.03125